You are given a number N. You have to make a N∗N matrix and store the values in the matrix by finding a pattern using the following examples: Input:- N=1 Matrix = [1] Input:- N=2 Matrix = [

                    1   3
                  6  10 ]
Input:- N=3 Matrix = [

                  1   3  10
                  6  15  28
                 21  36   45]
Input:- N=4 Matrix = [

             1   3   10    28
             6   15   36   66

              21  45   78    105

              55   91  120     136]
Input format The first line of the input contains an integer T denoting the number of test cases. For each test case an integer N is provided. Output format For each test case print the matrix in the new line.

Input Format

2

2

3

Constraints

1<=T<=15 , 1<=N<=10^2

Output Format

1 3

6 10

1 3 10

6 15 28

21 36 45

Sample Input 0

1
50
Sample Output 0

1 3 10 28 66 136 253 435 703 1081 1596 2278 3160 4278 5671 7381 9453 11935 14878 18336 22366 27028 32385 38503 45451 53301 62128 72010 83028 95266 108811 123753 140185 158203 177906 199396 222778 248160 275653 305371 337431 371953 409060 448878 491536 537166 585903 637885 693253 752151 
6 15 36 78 153 276 465 741 1128 1653 2346 3240 4371 5778 7503 9591 12090 15051 18528 22578 27261 32640 38781 45753 53628 62481 72390 83436 95703 109278 124251 140715 158766 178503 200028 223446 248865 276396 306153 338253 372816 409965 449826 492528 538203 586986 639015 694431 753378 814726 
21 45 91 171 300 496 780 1176 1711 2415 3321 4465 5886 7626 9730 12246 15225 18721 22791 27495 32896 39060 46056 53956 62835 72771 83845 96141 109746 124750 141246 159330 179101 200661 224115 249571 277140 306936 339076 373680 410871 450775 493521 539241 588070 640146 695610 754606 816003 878475 
55 105 190 325 528 820 1225 1770 2485 3403 4560 5995 7750 9870 12403 15400 18915 23005 27730 33153 39340 46360 54285 63190 73153 84255 96580 110215 125250 141778 159895 179700 201295 224785 250278 277885 307720 339900 374545 411778 451725 494515 540280 589155 641278 696790 755835 817281 879801 943251 
120 210 351 561 861 1275 1830 2556 3486 4656 6105 7875 10011 12561 15576 19110 23220 27966 33411 39621 46665 54615 63546 73536 84666 97020 110685 125751 142311 160461 180300 201930 225456 250986 278631 308505 340725 375411 412686 452676 495510 541320 590241 642411 697971 757065 818560 881128 944625 1008910 
231 378 595 903 1326 1891 2628 3570 4753 6216 8001 10153 12720 15753 19306 23436 28203 33670 39903 46971 54946 63903 73920 85078 97461 111156 126253 142845 161028 180901 202566 226128 251695 279378 309291 341551 376278 413595 453628 496506 542361 591328 643545 699153 758296 819840 882456 946000 1010331 1075311 
406 630 946 1378 1953 2701 3655 4851 6328 8128 10296 12880 15931 19503 23653 28441 33930 40186 47278 55278 64261 74305 85491 97903 111628 126756 143380 161596 181503 203203 226801 252405 280126 310078 342378 377146 414505 454581 497503 543403 592416 644680 700336 759528 821121 883785 947376 1011753 1076778 1142316 
666 990 1431 2016 2775 3741 4950 6441 8256 10440 13041 16110 19701 23871 28680 34191 40470 47586 55611 64620 74691 85905 98346 112101 127260 143916 162165 182106 203841 227475 253116 280875 310866 343206 378015 415416 455535 498501 544446 593505 645816 701520 760761 822403 885115 948753 1013176 1078246 1143828 1209790 
1035 1485 2080 2850 3828 5050 6555 8385 10585 13203 16290 19900 24090 28920 34453 40755 47895 55945 64980 75078 86320 98790 112575 127765 144453 162735 182710 204480 228150 253828 281625 311655 344035 378885 416328 456490 499500 545490 594595 646953 702705 761995 823686 886446 950131 1014600 1079715 1145341 1211346 1277601 
1540 2145 2926 3916 5151 6670 8515 10731 13366 16471 20100 24310 29161 34716 41041 48205 56280 65341 75466 86736 99235 113050 128271 144991 163306 183315 205120 228826 254541 282376 312445 344865 379756 417241 457446 500500 546535 595686 648091 703891 763230 824970 887778 951510 1016025 1081185 1146855 1212903 1279200 1345620 
2211 3003 4005 5253 6786 8646 10878 13530 16653 20301 24531 29403 34980 41328 48516 56616 65703 75855 87153 99681 113526 128778 145530 163878 183921 205761 229503 255255 283128 313236 345696 380628 418155 458403 501501 547581 596778 649230 705078 764466 826255 889111 952890 1017451 1082656 1148370 1214461 1280800 1347261 1413721 
3081 4095 5356 6903 8778 11026 13695 16836 20503 24753 29646 35245 41616 48828 56953 66066 76245 87571 100128 114003 129286 146070 164451 184528 206403 230181 255970 283881 314028 346528 381501 419070 459361 502503 548628 597871 650370 706266 765703 827541 890445 954271 1018878 1084128 1149886 1216020 1282401 1348903 1415403 1481781 
4186 5460 7021 8911 11175 13861 17020 20706 24976 29890 35511 41905 49141 57291 66430 76636 87990 100576 114481 129795 146611 165025 185136 207046 230860 256686 284635 314821 347361 382375 419986 460320 503506 549676 598965 651511 707455 766941 828828 891780 955653 1020306 1085601 1151403 1217580 1284003 1350546 1417086 1483503 1549680 
5565 7140 9045 11325 14028 17205 20910 25200 30135 35778 42195 49455 57630 66795 77028 88410 101025 114960 130305 147153 165600 185745 207690 231540 257403 285390 315615 348195 383250 420903 461280 504510 550725 600060 652653 708645 768180 830116 893116 957036 1021735 1087075 1152921 1219141 1285606 1352190 1418770 1485226 1551441 1617301 
7260 9180 11476 14196 17391 21115 25425 30381 36046 42486 49770 57970 67161 77421 88831 101475 115440 130816 147696 166176 186355 208335 232221 258121 286146 316410 349030 384126 421821 462241 505515 551775 601156 653796 709836 769420 831405 894453 958420 1023165 1088550 1154440 1220703 1287210 1353835 1420455 1486950 1553203 1619100 1684530 
9316 11628 14365 17578 21321 25651 30628 36315 42778 50086 58311 67528 77815 89253 101926 115921 131328 148240 166753 186966 208981 232903 258840 286903 317206 349866 385003 422740 463203 506521 552826 602253 654940 711028 770661 832695 895791 959805 1024596 1090026 1155960 1222266 1288815 1355481 1422141 1488675 1554966 1620900 1686366 1751256 
11781 14535 17766 21528 25878 30876 36585 43071 50403 58653 67896 78210 89676 102378 116403 131841 148785 167331 187578 209628 233586 259560 287661 318003 350703 385881 423660 464166 507528 553878 603351 656085 712221 771903 833986 897130 961191 1026028 1091503 1157481 1223830 1290421 1357128 1423828 1490401 1556730 1622701 1688203 1753128 1817371 
14706 17955 21736 26106 31125 36856 43365 50721 58996 68265 78606 90100 102831 116886 132355 149331 167910 188191 210276 234270 260281 288420 318801 351541 386760 424581 465130 508536 554931 604450 657231 713415 773146 835278 898470 962578 1027461 1092981 1159003 1225395 1292028 1358776 1425516 1492128 1558495 1624503 1690041 1755001 1819278 1882770 
18145 21945 26335 31375 37128 43660 51040 59340 68635 79003 90525 103285 117370 132870 149878 168490 188805 210925 234955 261003 289180 319600 352380 387640 425503 466095 509545 555985 605550 658378 714610 774390 836571 899811 963966 1028895 1094460 1160526 1226961 1293636 1360425 1427205 1493856 1560261 1626306 1691880 1756875 1821186 1884711 1947351 
22155 26565 31626 37401 43956 51360 59685 69006 79401 90951 103740 117855 133386 150426 169071 189420 211575 235641 261726 289941 320400 353220 388521 426426 467061 510555 557040 606651 659526 715806 775635 837865 901153 965355 1030330 1095940 1162050 1228528 1295245 1362075 1428895 1495585 1562028 1628110 1693720 1758750 1823095 1886653 1949325 2011015 
26796 31878 37675 44253 51681 60031 69378 79800 91378 104196 118341 133903 150975 169653 190036 212226 236328 262450 290703 321201 354061 389403 427350 468028 511566 558096 607753 660675 717003 776881 839160 902496 966745 1031766 1097421 1163575 1230096 1296855 1363726 1430586 1497315 1563796 1629915 1695561 1760626 1825005 1888596 1951300 2013021 2073666 
32131 37950 44551 52003 60378 69751 80200 91806 104653 118828 134421 151525 170236 190653 212878 237016 263175 291466 322003 354903 390286 428275 468996 512578 559153 608856 661825 718201 778128 840456 903840 968136 1033203 1098903 1165101 1231665 1298466 1365378 1432278 1499046 1565565 1631721 1697403 1762503 1826916 1890540 1953276 2015028 2075703 2135211 
38226 44850 52326 60726 70125 80601 92235 105111 119316 134940 152076 170820 191271 213531 237705 263901 292230 322806 355746 391170 429201 469965 513591 560211 609960 662976 719400 779376 841753 905185 969528 1034641 1100386 1166628 1233235 1300078 1367031 1433971 1500778 1567335 1633528 1699246 1764381 1828828 1892485 1955253 2017036 2077741 2137278 2195560 
45150 52650 61075 70500 81003 92665 105570 119805 135460 152628 171405 191890 214185 238395 264628 292995 323610 356590 392055 430128 470935 514605 561270 611065 664128 720600 780625 843051 906531 970921 1036080 1101870 1168156 1234806 1301691 1368685 1435665 1502511 1569106 1635336 1701090 1766260 1830741 1894431 1957231 2019045 2079780 2139346 2197656 2254626 
52975 61425 70876 81406 93096 106030 120295 135981 153181 171991 192510 214840 239086 265356 293761 324415 357435 392941 431056 471906 515620 562330 612171 665281 721801 781875 844350 907878 972315 1037520 1103355 1169685 1236378 1303305 1370340 1437360 1504245 1570878 1637145 1702935 1768140 1832655 1896378 1959210 2021055 2081820 2141415 2199753 2256750 2312325 
61776 71253 81810 93528 106491 120786 136503 153735 172578 193131 215496 239778 266085 294528 325221 358281 393828 431985 472878 516636 563391 613278 666435 723003 783126 845650 909226 973710 1038961 1104841 1171215 1237951 1304920 1371996 1439056 1505980 1572651 1638955 1704781 1770021 1834570 1898326 1961190 2023066 2083861 2143485 2201851 2258875 2314476 2368576 
71631 82215 93961 106953 121278 137026 154290 173166 193753 216153 240471 266815 295296 326028 359128 394716 432915 473851 517653 564453 614386 667590 724206 784378 846951 910575 975106 1040403 1106328 1172746 1239525 1306536 1373653 1440753 1507716 1574425 1640766 1706628 1771903 1836486 1900275 1963171 2025078 2085903 2145556 2203950 2261001 2316628 2370753 2423301 
82621 94395 107416 121771 137550 154846 173755 194376 216811 241165 267546 296065 326836 359976 395605 433846 474825 518671 565516 615495 668746 725410 785631 848253 911925 976503 1041846 1107816 1174278 1241100 1308153 1375311 1442451 1509453 1576200 1642578 1708476 1773786 1838403 1902225 1965153 2027091 2087946 2147628 2206050 2263128 2318781 2372931 2425503 2476425 
94830 107880 122265 138075 155403 174345 195000 217470 241860 268278 296835 327645 360825 396495 434778 475800 519690 566580 616605 669903 726615 786885 849556 913276 977901 1043290 1109305 1175811 1242676 1309771 1376970 1444150 1511191 1577976 1644391 1710325 1775670 1840321 1904176 1967136 2029105 2089990 2149701 2208151 2265256 2320935 2375110 2427706 2478651 2527876 
108345 122760 138601 155961 174936 195625 218130 242556 269011 297606 328455 361675 397386 435711 476776 520710 567645 617716 671061 727821 788140 850860 914628 979300 1044735 1110795 1177345 1244253 1311390 1378630 1445850 1512930 1579753 1646205 1712175 1777555 1842240 1906128 1969120 2031120 2092035 2151775 2210253 2267385 2323090 2377290 2429910 2480878 2530125 2577585 
12325


























def generate_matrix(N):
    matrix = []
    current_number = 1
    for i in range(N):
        row = []
        for j in range(N):
            row.append(current_number)
            current_number += (i * N + j + 2)
        matrix.append(row)
    return matrix

def print_matrix(matrix):
    for row in matrix:
        print(' '.join(map(str, row)))

# Input for the size of the matrix
N = int(input("Enter the size of the matrix (N): "))
matrix = generate_matrix(N)
print_matrix(matrix)
